Cycle	  Voltage (V)	Capacity (mAh)	Temperature (°C)	Resistance (Ohm)
1	        3,7	          1500	          25	                0,05
2	        3,69	        1492	          25	                0,051
3	        3,68	        error	          26	                0,052
4	        3,67	        1480	          26	                0,053
5	        3,66	        1472	          low	                don’t know
6	        3,65	        1465	          27                	0,055
7	        3,64	        1458	          28	                0,056
8	        3,63	        1450	          28	                0,057
9	        what	        error	          39	                0,058
10	      3,61	        1435	          29	                0,059
11	      3,6	          1428	          30    	            0,06
12	      3,59	        1420	          30	                0,061
13	      3,58	        none	          31	                hihi
14	      3,57	        1405	          31	                0,063
15	      3,56	        1398	          high	              0,064
